GAME START
1	14	20	0	0	43
WaitTimes: 35 0 0 0 0 0 0 0 0 0 0 0 0 0 
2	20	20	0	0	16
WaitTimes: 3 0 0 0 0 0 0 0 0 0 0 0 0 0 0 0 0 1 0 0 
3	22	20	1	1	23
WaitTimes: 8 0 0 0 0 0 0 0 0 0 0 1 0 0 0 0 1 0 0 0 0 0 
4	30	20	1	1	21
WaitTimes: 6 0 0 0 0 0 0 0 0 0 0 0 0 0 0 0 0 0 0 0 0 0 0 0 0 0 0 0 0 0 
5	32	10	0	1	23
WaitTimes: 5 0 0 0 0 0 0 0 0 1 0 0 0 0 0 0 0 0 0 0 0 0 0 0 0 1 0 0 0 0 0 0 
6	18	10	1	1	22
WaitTimes: 9 0 0 0 0 0 0 0 0 0 0 3 0 0 0 0 0 0 
7	30	40	3	1	35
WaitTimes: 10 0 0 0 0 0 0 0 0 8 1 0 0 0 0 0 0 0 0 0 0 0 0 0 0 0 0 0 0 0 
8	14	50	1	0	15
WaitTimes: 7 0 0 0 0 0 0 0 0 0 0 0 0 0 
9	14	50	2	3	15
WaitTimes: 6 0 0 0 0 0 0 0 0 0 0 0 0 0 0 0 
