GAME START
1	18	10	0	1	19
WaitTimes: 5 0 0 1 0 0 0 0 0 3 0 0 0 0 0 0 0 0 
2	14	10	0	0	13
WaitTimes: 4 0 0 0 0 0 0 0 0 0 0 0 0 0 
3	20	20	1	0	17
WaitTimes: 4 0 0 0 0 0 0 0 0 0 0 0 0 0 0 0 0 0 0 0 
4	14	20	1	1	14
WaitTimes: 5 0 0 0 0 0 0 0 0 0 0 0 0 0 
5	16	30	1	0	13
WaitTimes: 5 0 0 0 0 0 0 0 0 0 0 0 0 0 0 0 
6	22	50	2	0	21
WaitTimes: 9 0 0 0 0 0 0 0 0 0 0 0 0 0 0 0 0 0 0 0 0 0 
7	14	60	1	0	12
WaitTimes: 5 0 0 0 0 0 0 0 0 0 0 0 0 0 
8	22	80	2	0	22
WaitTimes: 11 0 0 0 0 0 0 0 0 0 0 0 0 0 0 0 0 0 0 0 0 0 
